100000 1000
1 17 42
2 32 34
1 20 48
2 36 39
2 29 43
3 25 46
2 7 17
2 23 37
3 36 43
1 10 47
3 24 26
3 11 26
1 36 46
1 28 39
1 5 26
2 22 42
3 9 50
2 19 27
1 22 34
3 17 47
3 1 10
3 40 50
3 19 48
3 11 47
1 11 17
3 28 41
2 31 49
3 16 22
3 27 33
1 19 32
1 10 44
2 13 20
3 15 43
3 2 6
3 23 50
2 34 47
3 32 34
2 37 40
2 39 40
2 1 4
3 31 33
3 9 22
2 8 41
3 14 28
3 12 19
3 11 46
3 1 5
2 19 37
1 3 5
3 30 36
3 9 28
3 34 47
1 14 33
3 15 42
3 10 44
2 14 40
1 11 31
1 19 40
1 2 27
3 38 41
1 5 50
3 36 39
2 11 40
1 12 24
3 15 42
1 1 18
2 9 10
2 24 34
1 9 48
1 4 31
3 14 17
2 20 34
3 9 33
3 20 41
2 17 38
1 25 29
2 21 41
2 29 32
1 24 37
1 24 31
1 31 35
2 2 46
1 11 13
2 36 39
2 27 40
1 3 19
3 36 38
2 30 35
1 11 26
3 17 49
2 35 36
2 6 19
2 20 29
1 22 45
3 14 23
2 5 10
2 28 45
3 18 19
2 4 5
1 31 32
1 15 45
2 27 31
2 22 43
3 26 39
2 20 32
1 12 24
3 7 36
3 24 32
3 39 46
3 27 38
3 8 8
3 5 44
1 34 39
1 38 50
3 11 15
1 40 46
2 29 41
3 12 17
1 17 39
2 14 26
1 30 40
1 15 21
1 32 44
3 9 22
3 24 48
3 12 45
2 8 47
1 4 40
2 12 45
2 29 45
3 16 46
2 6 19
1 17 50
1 17 49
2 35 39
1 25 43
3 20 20
1 22 48
2 4 13
2 40 42
2 7 47
1 7 17
3 13 21
2 4 31
1 5 15
3 30 45
3 16 26
2 28 33
2 7 39
3 20 25
1 2 47
3 12 18
3 25 48
3 12 41
1 14 17
2 20 35
3 37 41
2 11 27
1 38 39
1 26 41
3 27 29
3 27 27
3 40 41
1 2 33
2 26 32
1 1 49
3 17 50
2 29 31
1 21 27
2 37 40
1 36 36
3 26 33
2 27 44
3 12 23
2 21 50
3 38 43
1 22 34
3 31 39
3 17 26
1 32 43
1 37 47
3 28 36
1 15 28
2 2 37
3 24 45
3 2 19
3 35 47
2 1 40
3 16 33
3 35 45
1 28 30
3 22 32
3 37 45
3 18 41
2 38 47
1 24 50
2 19 49
3 13 48
2 38 50
1 5 17
2 5 15
3 1 16
2 21 30
3 24 46
1 34 46
3 38 43
2 24 24
2 1 13
1 29 48
2 8 23
1 25 45
3 5 19
2 24 45
1 16 38
3 34 38
1 3 36
2 38 43
2 4 14
2 26 30
3 15 25
3 22 46
3 36 46
2 14 26
3 17 41
2 27 39
1 19 34
2 1 36
1 23 38
2 14 32
3 21 25
1 40 42
3 5 21
1 3 33
3 37 43
2 15 33
2 4 47
3 2 30
2 18 46
3 1 9
3 5 11
3 32 41
2 1 39
1 26 37
3 38 47
2 23 45
1 5 43
2 30 44
2 34 46
2 5 14
1 34 35
2 15 49
1 13 50
1 9 40
1 36 50
2 1 49
3 7 13
2 18 28
1 40 41
2 29 49
1 34 43
2 22 32
1 37 48
3 10 20
2 30 41
1 9 14
3 33 34
1 37 43
3 11 44
1 3 18
1 13 49
1 10 46
2 38 48
3 21 34
1 14 28
1 31 42
1 8 45
2 34 50
2 37 43
1 8 9
2 5 31
2 4 24
1 38 45
2 35 42
2 21 39
1 34 39
1 20 49
3 29 43
3 14 48
1 29 41
3 8 30
1 9 20
1 5 15
1 37 43
3 25 49
3 32 33
1 39 40
3 37 47
1 8 37
3 39 45
3 11 45
3 29 44
1 29 38
1 37 44
2 20 34
3 2 3
3 2 5
2 6 21
2 26 46
3 13 14
1 15 26
1 27 34
3 35 47
2 14 47
1 40 50
3 6 45
2 25 31
3 4 6
3 5 38
1 39 45
3 34 42
3 6 47
2 25 44
1 1 18
2 8 44
1 4 30
1 5 37
1 4 45
2 31 46
1 24 32
1 17 37
2 40 50
3 19 37
1 19 29
1 14 18
1 32 43
2 26 42
2 24 28
3 14 15
1 7 11
1 10 21
1 15 36
3 25 41
1 40 40
3 15 48
3 12 20
3 31 42
1 17 19
3 14 29
1 38 40
3 17 26
2 8 47
2 7 23
1 20 27
2 17 41
1 4 43
2 30 30
3 23 26
3 37 50
1 26 44
3 14 45
3 30 49
1 32 44
3 6 19
2 33 46
2 5 40
1 25 34
3 37 41
3 29 40
2 3 9
1 25 40
3 21 22
1 10 33
3 36 39
1 14 39
3 26 31
3 23 27
2 20 35
1 25 45
1 13 31
2 11 35
1 23 43
1 19 45
2 35 36
2 16 48
2 28 28
3 31 31
1 11 17
1 13 47
2 38 40
2 11 46
3 4 21
3 13 19
1 28 49
3 38 50
2 12 32
3 13 41
1 27 42
1 25 25
2 22 35
3 27 35
2 21 46
2 30 31
1 3 21
3 33 35
1 14 25
1 13 15
1 6 21
2 15 32
1 25 32
2 22 25
3 17 28
1 30 46
3 25 28
2 29 35
3 13 18
2 33 45
2 36 41
2 29 49
2 16 27
3 5 26
2 27 41
1 38 39
1 18 37
1 40 46
3 1 29
1 32 45
3 5 45
1 6 44
3 14 47
1 15 34
1 21 33
1 18 39
2 38 48
2 8 9
3 16 30
1 36 43
2 15 37
1 29 45
2 5 12
2 24 43
3 26 33
2 27 33
2 13 24
2 14 17
3 34 35
1 28 37
3 15 33
3 17 17
2 14 49
3 40 47
2 31 48
2 27 37
3 23 39
2 6 29
3 3 47
3 12 49
1 19 39
2 20 43
3 34 36
1 29 36
2 35 37
2 6 33
2 11 14
2 17 18
1 29 34
3 30 31
2 5 17
2 10 44
1 3 49
1 27 46
1 34 34
2 10 15
1 25 39
1 15 35
3 7 23
1 39 48
3 26 37
2 28 45
1 16 23
1 6 12
2 24 42
3 40 41
2 16 44
3 21 23
3 1 11
2 32 42
1 30 42
1 12 32
2 32 37
1 24 39
2 27 48
2 11 42
3 3 39
1 20 21
2 35 46
2 37 44
3 9 23
1 10 35
3 18 25
3 34 50
1 7 17
1 17 17
2 27 41
2 27 30
3 37 38
3 28 36
2 27 45
3 25 30
3 29 47
1 8 23
3 19 22
2 31 32
3 21 25
3 12 15
3 28 41
2 11 35
2 3 8
3 26 41
1 29 38
1 11 15
2 32 35
2 20 43
3 13 16
3 22 36
3 25 26
3 25 40
2 16 33
1 18 38
1 23 41
2 25 32
2 13 16
1 15 42
2 32 36
1 20 40
2 21 42
3 3 36
2 17 40
1 19 36
3 38 42
1 6 47
3 2 23
2 25 42
1 11 24
2 34 39
3 11 14
2 11 27
2 9 16
3 29 35
1 28 32
1 28 34
2 31 31
1 13 36
2 30 34
2 38 48
2 31 49
3 33 39
2 17 36
3 32 47
1 38 46
3 3 34
3 25 28
3 7 22
2 10 40
1 2 11
1 26 45
1 13 47
2 31 39
1 8 26
3 37 41
3 40 47
1 23 50
1 22 30
1 37 43
3 37 48
3 37 44
1 33 33
2 38 47
2 18 50
3 30 34
3 40 48
2 40 41
3 13 49
2 8 21
3 15 38
1 7 9
3 9 12
2 27 48
2 39 48
1 13 49
2 18 35
1 15 18
1 2 28
3 37 38
3 5 49
2 10 10
3 21 29
2 26 34
1 10 18
1 11 27
2 37 37
1 30 36
1 9 48
3 21 40
1 25 27
2 12 50
1 40 50
2 34 48
1 19 37
3 27 27
1 26 49
1 18 40
1 3 30
3 7 24
3 12 43
1 27 44
1 18 21
2 8 29
3 7 22
1 5 49
1 7 15
3 4 39
3 40 49
3 12 19
1 3 45
2 27 50
1 8 46
3 10 41
1 14 49
3 38 38
3 1 42
2 5 39
1 8 46
1 25 43
2 23 30
1 1 39
2 26 34
2 14 38
3 6 33
3 25 28
2 20 30
2 17 27
2 1 4
3 14 49
1 13 31
1 6 30
2 21 34
2 36 46
3 30 35
2 10 28
2 22 43
1 4 14
1 23 30
2 34 36
1 37 42
1 9 35
1 24 34
1 29 33
1 25 32
3 22 33
1 23 50
1 4 23
1 12 35
1 28 36
1 39 48
2 12 41
1 17 36
3 22 22
2 10 17
3 36 42
3 29 39
1 29 46
1 32 43
1 37 49
2 36 50
3 14 41
1 17 35
2 37 48
2 27 29
2 14 28
1 23 36
1 24 34
3 19 20
3 40 50
2 24 35
1 34 42
3 7 17
1 20 25
2 12 37
3 5 27
3 21 25
3 29 49
3 25 43
1 18 38
1 33 36
3 30 37
1 24 33
3 18 27
3 21 42
3 36 40
3 11 41
2 34 42
3 13 46
3 22 24
3 1 17
2 15 39
3 22 30
3 31 38
3 16 44
1 30 45
2 36 48
2 2 14
1 35 45
3 11 42
1 24 37
1 21 25
3 1 2
3 4 34
1 10 28
1 27 43
2 1 40
2 2 28
3 5 14
2 18 18
2 10 22
2 21 37
3 28 41
2 39 46
3 34 40
3 30 47
3 6 18
2 14 23
1 13 20
1 8 25
1 31 48
3 37 45
3 18 37
2 15 37
3 38 46
3 28 40
3 21 25
1 31 43
1 20 41
1 30 38
1 12 50
2 7 36
3 22 40
2 40 48
2 28 28
2 11 36
2 39 45
2 39 44
3 7 28
2 39 42
2 15 30
1 15 21
2 34 38
1 27 40
2 7 15
3 22 30
3 27 29
3 16 34
2 27 34
2 3 46
1 20 35
3 20 46
1 14 41
3 32 45
2 32 33
1 4 14
1 7 25
1 24 25
3 33 37
1 22 30
3 13 36
2 12 44
1 38 39
2 38 45
2 37 42
1 21 49
2 22 37
2 7 16
1 21 32
2 5 48
1 18 39
1 32 47
1 23 24
1 23 44
2 20 20
1 27 43
2 24 27
3 17 19
3 13 20
3 39 41
3 37 40
3 10 22
1 25 48
2 7 13
2 21 43
1 40 47
2 17 30
1 33 43
1 2 17
1 2 37
3 14 14
1 29 29
2 25 45
3 7 43
1 24 32
3 38 47
3 17 32
2 33 49
3 2 23
3 14 46
2 10 20
2 36 41
3 26 35
2 30 31
1 6 30
3 19 29
3 4 40
3 4 43
3 6 50
1 18 38
3 1 34
2 21 42
2 10 29
3 25 50
2 26 33
2 24 30
3 2 41
3 38 42
3 11 29
1 26 33
1 15 32
1 24 30
1 22 40
3 14 49
1 33 50
2 34 46
3 36 41
3 35 37
3 39 39
2 19 50
3 1 47
3 15 44
1 10 33
1 27 42
2 20 22
3 19 44
1 21 32
1 36 45
2 19 43
1 38 44
1 12 20
2 27 32
1 30 35
2 23 23
3 33 39
3 21 39
3 11 48
1 21 37
3 17 34
2 31 39
3 21 49
3 40 48
1 21 38
2 12 34
2 3 23
3 24 29
1 22 36
2 16 22
2 31 48
2 7 47
2 28 46
2 21 21
3 2 12
1 4 37
3 17 41
3 18 19
2 33 42
3 6 45
2 35 46
2 24 30
2 2 12
2 27 41
2 2 29
3 15 16
1 27 43
2 23 42
1 31 37
1 40 49
1 16 38
2 28 36
1 31 43
2 3 42
2 4 33
1 37 49
3 7 40
2 35 50
3 20 22
2 33 42
1 17 20
3 29 37
3 28 33
3 35 41
2 16 26
3 34 49
2 16 36
3 19 49
1 24 48
1 37 43
2 16 49
1 5 8
1 4 34
3 18 22
3 26 40
3 10 25
3 34 44
1 9 23
3 16 43
1 22 46
3 27 33
3 36 49
1 38 42
2 23 27
1 11 30
2 38 45
3 37 48
2 26 27
3 29 29
2 32 49
3 20 41
2 19 19
3 14 34
1 16 18
2 38 39
1 22 22
2 2 7
3 26 30
1 16 18
2 16 47
3 18 28
1 10 50
1 40 49
2 36 39
1 31 32
3 3 43
1 3 39
2 13 18
1 16 38
2 1 14
1 23 30
2 36 40
1 14 23
3 33 47
3 16 30
3 22 31
2 17 48
2 31 50
1 38 41
1 37 37
3 11 32
3 37 42
2 4 43
3 23 48
1 12 44
1 2 48
3 15 38
1 16 18
2 32 49
1 23 40
1 23 48
3 30 32
2 27 34
1 19 33
3 12 29
1 26 43
2 9 17
3 30 47
3 14 14
2 9 42
1 9 17
3 8 34
1 35 49
3 18 32
2 6 11
3 2 49
2 19 34
1 13 41
2 23 27
1 13 31
2 33 33
3 15 38
3 14 35
2 15 28
2 14 48
3 3 6
2 14 44
2 9 9
1 10 35
